0        1
0        2
0        469
1        0
1        385
1        6
2        0
2        3
3        2
3        4
3        419
3        422
4        3
4        420
4        5
4        98
5        4
5        6
5        98
6        1
6        5
7        79
7        8
7        9
8        33
8        7
9        10
9        7
9        84
10       11
10       110
10       84
10       9
11       10
11       110
11       12
12       108
12       11
12       13
12       95
